CC_ID	OS	CommonNum	CC_SIZE	SPC_SIZE	SPC_ID	Complex
133	0.533333	16	30	16	32	
141	0.518519	14	27	17	31	Q01320	Q62318	
149	0.68	17	25	25	16	A0A140LIZ5	A2AWQ2	B1AXX9	B2RQC6	D3YZ68	P62192	Q91XV3	Q9JKV1	
152	0.5	12	24	17	31	A0A0R4J170	E9QK89	Q01320	Q3TKT4	Q62318	
165	0.5	11	22	14	38	A0A1D5RMI3	G3UY93	Q9CWW6	
170	0.590909	13	22	17	31	E9QK89	Q01320	Q62318	
178	0.65	13	20	14	37	A0A140LJ59	
182	0.5	10	20	11	64	A0A1L1SSC8	
184	0.5	10	20	10	76	
201	0.578947	11	19	14	38	A0A1D5RMI3	G3UY93	Q3UE92	
202	0.578947	11	19	11	70	
204	0.666667	12	18	13	43	A0A140LJ59	
205	0.611111	11	18	12	56	A0A1D5RMI3	
208	0.666667	12	18	17	31	A0A0A6YW15	E9QK89	Q01320	Q62318	
213	0.666667	12	18	14	40	A0A140LJ59	Q6P5G9	
219	0.647059	11	17	14	38	A0A1D5RMI3	G3UY93	Q9CWW6	
221	0.529412	9	17	10	79	A0A140LHJ4	
226	0.647059	11	17	13	48	E9PXQ9	P62320	
228	0.588235	10	17	14	38	A0A1D5RMI3	G3UY93	Q3UE92	Q9CWW6	
244	0.5625	9	16	11	63	A0A140LIU5	A0A1D5RLD4	
245	0.625	10	16	14	37	A0A140LJ59	A2A701	G3UWZ8	O70194	Q8VDN2	
249	0.533333	8	15	11	67	A0A1D5RM07	Q8R1H0	
250	0.733333	11	15	14	37	A0A140LJ59	A2AE03	G3UWZ8	Q8VDN2	
253	0.6	9	15	10	79	A0A140LHJ4	
254	0.6	9	15	10	87	E9PXF9	
255	0.666667	10	15	11	64	A0A1L1SSC8	
256	0.8	12	15	14	37	A0A140LJ59	G3UWZ8	Q8VDN2	
260	0.533333	8	15	8	143	
263	0.5	7	14	8	164	P35564	
267	0.642857	9	14	9	103	
269	0.785714	11	14	14	37	A0A140LJ59	A2AE03	G3UWZ8	Q8VDN2	
270	0.785714	11	14	14	37	A0A140LJ59	A2A701	G3UWZ8	Q8VDN2	
271	0.785714	11	14	12	59	A0A140LJ59	
275	0.571429	8	14	8	134	
276	0.571429	8	14	11	67	A0A1D5RM07	Q8R1H0	
278	0.5	7	14	8	154	A0A140LJB7	
282	0.538462	7	13	12	58	A0A0R4J0V5	A0A1L1SSC8	E0CX67	Q80UW8	Q91WD1	
284	0.615385	8	13	10	76	B2RQC6	Q8BVQ9	
287	0.692308	9	13	10	85	E9QAP7	
288	0.692308	9	13	14	37	A0A140LJ59	A2AE03	G3UWZ8	P23116	Q8VDN2	Q9Z1D1	
292	0.615385	8	13	9	111	A0A1B0GS29	
295	0.538462	7	13	8	159	A0A1D5RLD4	
297	0.538462	7	13	8	134	Q60996	
301	0.5	6	12	6	310	
304	0.5	6	12	11	60	A0A087WRM5	A0A140LI20	A2ATQ5	E9QAP7	Q9CPV2	
305	0.833333	10	12	14	38	A0A1D5RMI3	G3UY93	Q3UE92	Q9CWW6	
306	0.5	6	12	11	60	A0A087WRM5	A0A140LI20	A2ATQ5	E9QAP7	Q99JP4	
307	0.583333	7	12	7	213	
310	0.75	9	12	11	60	A0A140LI20	E9QAP7	
314	0.5	6	12	8	154	A0A140LJB7	D3YYF2	
318	0.636364	7	11	8	166	A0A140LJB7	
319	0.727273	8	11	9	104	A0A1B0GR26	
321	0.727273	8	11	10	79	A0A0U1RNM6	A0A140LHJ4	
324	0.727273	8	11	10	79	A0A0U1RNM6	A0A140LHJ4	
325	0.545455	6	11	6	278	
330	0.727273	8	11	11	60	A0A087WRM5	A0A140LI20	E9QAP7	
331	0.636364	7	11	8	124	D3YZ68	
332	0.727273	8	11	11	70	A0A087WNS2	G5E883	Q9D554	
336	0.727273	8	11	9	107	A0A1B0GS29	
337	0.636364	7	11	8	127	Q9JIH2	
338	0.545455	6	11	17	31	A0A0R4J170	A0A0U1RNU6	A2BH40	D3Z5N6	E9Q4N6	E9QK89	O54941	Q01320	Q3TKT4	Q62280	Q62318	
339	0.727273	8	11	10	88	A0A140LI20	E9QAP7	
341	0.636364	7	11	7	207	
342	0.545455	6	11	6	251	
345	0.545455	6	11	6	255	
349	0.6	6	10	7	211	Q3THG9	
350	0.5	5	10	7	193	A0A140LIU5	A0A1D5RLS6	
353	0.6	6	10	6	349	
358	0.6	6	10	8	154	A0A140LJB7	D3YYF2	
361	0.5	5	10	7	236	K4DI67	O54988	
363	0.7	7	10	7	236	
364	0.5	5	10	11	71	D3YW97	F8WGL3	P10639	Q60864	Q64433	Q9QUR7	
369	0.7	7	10	9	111	A0A1B0GS29	A2AE03	
375	0.666667	6	9	11	60	A0A087WRM5	A0A0R4J1W7	A0A140LI20	A2A6Q5	E9QAP7	
377	0.555556	5	9	8	154	A0A140LJB7	D3YYF2	D3Z0F5	
384	0.666667	6	9	7	203	A0A1D5RM07	
387	0.777778	7	9	7	202	
390	0.555556	5	9	6	338	Q9CQ65	
395	0.666667	6	9	8	154	A0A140LJB7	D3YYF2	
396	0.555556	5	9	5	588	
397	0.555556	5	9	5	544	
398	0.555556	5	9	6	255	P46061	
399	0.777778	7	9	7	236	
400	0.555556	5	9	6	284	F6ZAX1	
401	0.555556	5	9	5	546	
402	0.5	4	8	5	514	P28741	
406	0.5	4	8	10	79	A0A087WP86	A0A0G2JF52	A0A0U1RNM6	A0A140LHJ4	D3Z6S0	Q3UA72	
411	0.875	7	8	7	223	
413	0.875	7	8	8	172	A0A1B0GS29	
416	0.625	5	8	9	107	A0A0U1RP32	A0A1B0GS29	A2AE03	Q99M28	
417	0.625	5	8	5	530	
418	1	8	8	8	173	
419	0.625	5	8	8	134	A0A0A6YWU8	Q61249	Q91V89	
420	0.875	7	8	7	197	
423	0.5	4	8	7	211	A0A0J9YTY0	A2A6U3	Q3THG9	
424	0.625	5	8	6	255	P46061	
427	0.625	5	8	6	338	Q9CQ65	
428	1	7	7	7	205	
430	0.714286	5	7	6	333	B2LVG5	
431	1	7	7	7	234	
432	0.571429	4	7	5	514	P28741	
435	0.714286	5	7	7	211	A0A0R4J233	Q3THG9	
437	0.571429	4	7	6	351	Q8K4Z5	Q9D554	
442	0.571429	4	7	10	89	B1AXX9	D3YZ06	D3Z1R1	D3Z5E2	Q3U2G2	Q8VCG1	
443	1	7	7	7	230	
444	1	7	7	7	185	
446	0.571429	4	7	5	456	A0A1D5RLB0	
447	0.857143	6	7	7	179	A0A1B0GSR7	
454	0.857143	6	7	8	173	G3UWL2	Q6PR54	
456	0.833333	5	6	6	338	Q9CQ65	
461	0.5	3	6	6	331	Q80VD1	Q91VR5	Q99LF4	
464	0.666667	4	6	5	504	Q99KP6	
465	0.5	3	6	11	67	A0A1D5RM07	A8Y5E8	D3YTR4	E9PX23	E9Q794	Q8R1H0	Q9R190	
466	0.666667	4	6	5	510	A0A0R4J1Y7	
469	0.833333	5	6	6	338	Q9CQ65	
471	0.666667	4	6	6	265	A0A0N4SUM2	P49312	
474	0.833333	5	6	5	516	
480	0.833333	5	6	5	427	
483	0.8	4	5	8	134	G3UWL2	G3UWS4	Q60996	Q91V89	
485	1	5	5	5	579	
489	1	5	5	5	549	
490	1	5	5	5	515	
495	0.8	4	5	4	654	
497	0.6	3	5	5	536	A0A140LHY5	A2AIV2	
515	0.5	2	4	6	291	A0A0G2JDU7	A0A1B0GS13	P10639	P60335	
530	0.75	3	4	4	691	F7B7L8	
534	0.75	3	4	3	875	
536	0.75	3	4	4	645	Q93KQ6	
